イ)
input matrix size.
row: 4
column: 6
input matrix like example.
example
1/2 5
3 10/3

1 2 -1 3 -2 1
2 4 1 3 -3 2
-1 2 2 -4 -1 1
3 6 0 6 -5 3

>> a r 0 1 -2
1  2 -1 3  -2 1 
0  0 3  -3 1  0
-1 2 2  -4 -1 1
3  6 0  6  -5 3
>> a r 0 2 1
1 2 -1 3  -2 1 
0 0 3  -3 1  0
0 4 1  -1 -3 2
3 6 0  6  -5 3
>> a r 0 3 -3
1 2 -1 3  -2 1 
0 0 3  -3 1  0
0 4 1  -1 -3 2
0 0 3  -3 1  0
>> a r 1 3 -1
1 2 -1 3  -2 1 
0 0 3  -3 1  0
0 4 1  -1 -3 2
0 0 0  0  0  0
>> s r 1 2 
1 2 -1 3  -2 1 
0 4 1  -1 -3 2
0 0 3  -3 1  0
0 0 0  0  0  0
>> m r 1 1/4
1 2 -1  3    -2   1   
0 1 1/4 -1/4 -3/4 1/2
0 0 3   -3   1    0
0 0 0   0    0    0
>> a r 1 0 -2
1 0 -3/2 7/2  -1/2 0   
0 1 1/4  -1/4 -3/4 1/2
0 0 3    -3   1    0
0 0 0    0    0    0
>> m r 2 1/3
1 0 -3/2 7/2  -1/2 0   
0 1 1/4  -1/4 -3/4 1/2
0 0 1    -1   1/3  0
0 0 0    0    0    0
>> a r 2 0 3/2
1 0 0   2    0    0
0 1 1/4 -1/4 -3/4 1/2
0 0 1   -1   1/3  0
0 0 0   0    0    0
>> a r 2 1 -1/4
1 0 0 2  0    0
0 1 0 0  -5/6 1/2
0 0 1 -1 1/3  0
0 0 0 0  0    0
>> exit